0.88
0.95
139.32
146.03
2.42
2.98
7.1
7.54
20.51
20.36
46.03
45.05
53.05
54.52
75.98
78.16
107.27
108.14
91.14
90.41
73.92
81.15
34.95
33.04
108.04
110.61
85.29
87.19
39.8
40.39
105.7
101.48
87.71
79.21
45.47
40.29
99.35
108.17
78.81
75.02
33.42
38.68
0.72
1.06
141.97
138.24
2.42
2.75
6.87
4.98
19.75
20.23
40.82
49
48.63
46.92
80.93
83.3
104.55
104.11
88.18
91.7
77.48
70.65
41.04
35.6
108.5
107.92
82.24
85.21
35.19
35.9
106.21
109.53
74.99
76.24
44.24
43.18
94.06
94.11
77.51
83.09
35.65
35.74
1.07
1.21
135.71
144.5
2.46
2.67
