0.65
0.74
132.83
136.24
1.94
2.3
5.56
5.62
17.19
18.65
40.17
41.21
48.67
50.02
72
74.97
99.45
98.34
83.52
84.53
79.98
74.45
28.2
31.3
108.94
107.58
82.19
84.8
39.69
40.45
105.49
102.4
78.57
74.36
37.15
38.21
96.77
97.31
70.14
70.96
33.71
32.33
0.62
0.75
131.72
135.78
2.48
2.24
5.01
4.74
16.79
15.88
38.19
40.68
45.38
44.91
72.88
73.84
88.81
98.91
83.55
80.36
66.88
69.23
31.13
30.85
100.24
101.57
78.76
81.27
36.53
33.65
109.28
108.73
80.4
82.96
38.32
37.93
90.05
96.15
80.8
76.29
31.71
32.71
0.7
1.06
132.73
130.13
2.41
2.35
