0.68
0.76
141.19
145.68
2.03
2.43
4.79
5.99
20.81
20.01
43.01
44.35
54.24
55.71
88.66
87.09
105.27
108.03
95.38
80.13
85.43
81.62
30.44
33.44
107.57
111.58
86.95
90.65
42.43
43.89
104.53
111.58
84.34
80.44
41.76
41.12
104.02
107.72
77.56
76.69
32.87
34.69
0.63
0.78
139.54
148.51
2.64
2.39
5.28
5.07
17.86
17.06
46.45
47.47
49.19
48.55
80.85
81.85
94.78
106.25
88.91
86.11
83.55
74.8
38.88
35.54
106.67
106.73
84.07
88.64
39.68
36.36
108.92
107.82
85.07
88.72
43.42
41.13
96.52
91.88
77.6
82.72
36.8
32.38
0.75
1.15
142.19
140.7
2.37
2.48
